#Om_b h^2             =  0.021800
#Om_c h^2             =  0.120000
#Om_nu h^2            =  0.000640
#Om_darkenergy        =  0.688772
#sigma_8              =  0.8104
   0.100000E-03   0.419427E+03
   0.102020E-03   0.427609E+03
   0.104081E-03   0.435951E+03
   0.106184E-03   0.444455E+03
   0.108329E-03   0.453125E+03
   0.110517E-03   0.461964E+03
   0.112750E-03   0.470975E+03
   0.115027E-03   0.480161E+03
   0.117351E-03   0.489527E+03
   0.119722E-03   0.499075E+03
   0.122140E-03   0.508809E+03
   0.124608E-03   0.518732E+03
   0.127125E-03   0.528849E+03
   0.129693E-03   0.539163E+03
   0.132313E-03   0.549677E+03
   0.134986E-03   0.560396E+03
   0.137713E-03   0.571324E+03
   0.140495E-03   0.582465E+03
   0.143333E-03   0.593822E+03
   0.146228E-03   0.605400E+03
   0.149182E-03   0.617204E+03
   0.152196E-03   0.629237E+03
   0.155271E-03   0.641504E+03
   0.158407E-03   0.654010E+03
   0.161607E-03   0.666759E+03
   0.164872E-03   0.679756E+03
   0.168203E-03   0.693005E+03
   0.171601E-03   0.706512E+03
   0.175067E-03   0.720282E+03
   0.178604E-03   0.734318E+03
   0.182212E-03   0.748628E+03
   0.185893E-03   0.763216E+03
   0.189648E-03   0.778086E+03
   0.193479E-03   0.793246E+03
   0.197388E-03   0.808700E+03
   0.201375E-03   0.824453E+03
   0.205443E-03   0.840513E+03
   0.209594E-03   0.856883E+03
   0.213828E-03   0.873572E+03
   0.218147E-03   0.890583E+03
   0.222554E-03   0.907925E+03
   0.227050E-03   0.925602E+03
   0.231637E-03   0.943622E+03
   0.236316E-03   0.961991E+03
   0.241090E-03   0.980716E+03
   0.245960E-03   0.999802E+03
   0.250929E-03   0.101926E+04
   0.255998E-03   0.103909E+04
   0.261170E-03   0.105931E+04
   0.266446E-03   0.107991E+04
   0.271828E-03   0.110092E+04
   0.277319E-03   0.112233E+04
   0.282922E-03   0.114415E+04
   0.288637E-03   0.116640E+04
   0.294468E-03   0.118907E+04
   0.300417E-03   0.121218E+04
   0.306485E-03   0.123574E+04
   0.312677E-03   0.125975E+04
   0.318993E-03   0.128422E+04
   0.325437E-03   0.130916E+04
   0.332012E-03   0.133458E+04
   0.338719E-03   0.136049E+04
   0.345561E-03   0.138690E+04
   0.352542E-03   0.141382E+04
   0.359664E-03   0.144125E+04
   0.366930E-03   0.146921E+04
   0.374342E-03   0.149770E+04
   0.381904E-03   0.152674E+04
   0.389619E-03   0.155633E+04
   0.397490E-03   0.158649E+04
   0.405520E-03   0.161723E+04
   0.413712E-03   0.164855E+04
   0.422070E-03   0.168047E+04
   0.430596E-03   0.171300E+04
   0.439295E-03   0.174614E+04
   0.448169E-03   0.177992E+04
   0.457222E-03   0.181434E+04
   0.466459E-03   0.184942E+04
   0.475882E-03   0.188515E+04
   0.485496E-03   0.192157E+04
   0.495303E-03   0.195868E+04
   0.505309E-03   0.199648E+04
   0.515517E-03   0.203500E+04
   0.525931E-03   0.207425E+04
   0.536556E-03   0.211424E+04
   0.547395E-03   0.215498E+04
   0.558453E-03   0.219649E+04
   0.569734E-03   0.223877E+04
   0.581244E-03   0.228185E+04
   0.592986E-03   0.232573E+04
   0.604965E-03   0.237044E+04
   0.617186E-03   0.241598E+04
   0.629654E-03   0.246237E+04
   0.642374E-03   0.250962E+04
   0.655350E-03   0.255776E+04
   0.668589E-03   0.260678E+04
   0.682096E-03   0.265671E+04
   0.695875E-03   0.270757E+04
   0.709933E-03   0.275937E+04
   0.724274E-03   0.281212E+04
   0.738906E-03   0.286584E+04
   0.753832E-03   0.292055E+04
   0.769061E-03   0.297626E+04
   0.784597E-03   0.303299E+04
   0.800447E-03   0.309076E+04
   0.816617E-03   0.314958E+04
   0.833114E-03   0.320946E+04
   0.849944E-03   0.327044E+04
   0.867114E-03   0.333252E+04
   0.884631E-03   0.339572E+04
   0.902501E-03   0.346005E+04
   0.920733E-03   0.352555E+04
   0.939333E-03   0.359221E+04
   0.958309E-03   0.366007E+04
   0.977668E-03   0.372914E+04
   0.997418E-03   0.379943E+04
   0.101757E-02   0.387098E+04
   0.103812E-02   0.394378E+04
   0.105910E-02   0.401787E+04
   0.108049E-02   0.409326E+04
   0.110232E-02   0.416997E+04
   0.112459E-02   0.424801E+04
   0.114730E-02   0.432742E+04
   0.117048E-02   0.440820E+04
   0.119413E-02   0.449037E+04
   0.121825E-02   0.457396E+04
   0.124286E-02   0.465898E+04
   0.126797E-02   0.474545E+04
   0.129358E-02   0.483338E+04
   0.131971E-02   0.492281E+04
   0.134637E-02   0.501374E+04
   0.137357E-02   0.510619E+04
   0.140132E-02   0.520019E+04
   0.142963E-02   0.529575E+04
   0.145851E-02   0.539289E+04
   0.148797E-02   0.549162E+04
   0.151803E-02   0.559197E+04
   0.154870E-02   0.569396E+04
   0.157998E-02   0.579759E+04
   0.161190E-02   0.590289E+04
   0.164446E-02   0.600987E+04
   0.167768E-02   0.611855E+04
   0.171158E-02   0.622895E+04
   0.174615E-02   0.634108E+04
   0.178143E-02   0.645496E+04
   0.181741E-02   0.657060E+04
   0.185413E-02   0.668802E+04
   0.189158E-02   0.680723E+04
   0.192980E-02   0.692824E+04
   0.196878E-02   0.705107E+04
   0.200855E-02   0.717573E+04
   0.204913E-02   0.730224E+04
   0.209052E-02   0.743060E+04
   0.213276E-02   0.756082E+04
   0.217584E-02   0.769292E+04
   0.221979E-02   0.782690E+04
   0.226464E-02   0.796278E+04
   0.231039E-02   0.810055E+04
   0.235706E-02   0.824023E+04
   0.240467E-02   0.838183E+04
   0.245325E-02   0.852534E+04
   0.250281E-02   0.867077E+04
   0.255337E-02   0.881813E+04
   0.260495E-02   0.896742E+04
   0.265758E-02   0.911863E+04
   0.271126E-02   0.927177E+04
   0.276603E-02   0.942684E+04
   0.282191E-02   0.958383E+04
   0.287892E-02   0.974275E+04
   0.293708E-02   0.990357E+04
   0.299641E-02   0.100663E+05
   0.305694E-02   0.102309E+05
   0.311870E-02   0.103975E+05
   0.318170E-02   0.105659E+05
   0.324597E-02   0.107361E+05
   0.331155E-02   0.109083E+05
   0.337844E-02   0.110822E+05
   0.344669E-02   0.112580E+05
   0.351632E-02   0.114356E+05
   0.358735E-02   0.116149E+05
   0.365982E-02   0.117961E+05
   0.373376E-02   0.119789E+05
   0.380918E-02   0.121635E+05
   0.388613E-02   0.123497E+05
   0.396464E-02   0.125375E+05
   0.404473E-02   0.127270E+05
   0.412644E-02   0.129180E+05
   0.420980E-02   0.131106E+05
   0.429484E-02   0.133047E+05
   0.438160E-02   0.135001E+05
   0.447012E-02   0.136970E+05
   0.456042E-02   0.138952E+05
   0.465255E-02   0.140947E+05
   0.474653E-02   0.142955E+05
   0.484242E-02   0.144974E+05
   0.494024E-02   0.147004E+05
   0.504004E-02   0.149045E+05
   0.514186E-02   0.151096E+05
   0.524573E-02   0.153156E+05
   0.535170E-02   0.155225E+05
   0.545981E-02   0.157301E+05
   0.557011E-02   0.159385E+05
   0.568263E-02   0.161475E+05
   0.579743E-02   0.163569E+05
   0.591455E-02   0.165668E+05
   0.603403E-02   0.167770E+05
   0.615592E-02   0.169874E+05
   0.628028E-02   0.171978E+05
   0.640715E-02   0.174082E+05
   0.653658E-02   0.176184E+05
   0.666863E-02   0.178284E+05
   0.680335E-02   0.180379E+05
   0.694078E-02   0.182468E+05
   0.708100E-02   0.184551E+05
   0.722404E-02   0.186627E+05
   0.736998E-02   0.188693E+05
   0.751886E-02   0.190749E+05
   0.767075E-02   0.192793E+05
   0.782571E-02   0.194825E+05
   0.798380E-02   0.196843E+05
   0.814509E-02   0.198846E+05
   0.830963E-02   0.200831E+05
   0.847750E-02   0.202798E+05
   0.864875E-02   0.204743E+05
   0.882347E-02   0.206665E+05
   0.900171E-02   0.208561E+05
   0.918356E-02   0.210429E+05
   0.936908E-02   0.212267E+05
   0.955835E-02   0.214072E+05
   0.975144E-02   0.215843E+05
   0.994843E-02   0.217575E+05
   0.101494E-01   0.219268E+05
   0.103544E-01   0.220920E+05
   0.105636E-01   0.222528E+05
   0.107770E-01   0.224092E+05
   0.109947E-01   0.225609E+05
   0.112168E-01   0.227078E+05
   0.114434E-01   0.228496E+05
   0.116746E-01   0.229864E+05
   0.119104E-01   0.231178E+05
   0.121510E-01   0.232436E+05
   0.123965E-01   0.233637E+05
   0.126469E-01   0.234777E+05
   0.129024E-01   0.235852E+05
   0.131631E-01   0.236859E+05
   0.134290E-01   0.237794E+05
   0.137003E-01   0.238654E+05
   0.139770E-01   0.239435E+05
   0.142594E-01   0.240134E+05
   0.145474E-01   0.240748E+05
   0.148413E-01   0.241274E+05
   0.151411E-01   0.241709E+05
   0.154470E-01   0.242052E+05
   0.157590E-01   0.242300E+05
   0.160774E-01   0.242453E+05
   0.164022E-01   0.242508E+05
   0.167335E-01   0.242465E+05
   0.170716E-01   0.242321E+05
   0.174164E-01   0.242077E+05
   0.177683E-01   0.241730E+05
   0.181272E-01   0.241280E+05
   0.184934E-01   0.240725E+05
   0.188670E-01   0.240062E+05
   0.192481E-01   0.239290E+05
   0.196370E-01   0.238407E+05
   0.200337E-01   0.237411E+05
   0.204384E-01   0.236301E+05
   0.208513E-01   0.235077E+05
   0.212725E-01   0.233736E+05
   0.217022E-01   0.232280E+05
   0.221406E-01   0.230707E+05
   0.225879E-01   0.229019E+05
   0.230442E-01   0.227218E+05
   0.235097E-01   0.225307E+05
   0.239847E-01   0.223288E+05
   0.244692E-01   0.221163E+05
   0.249635E-01   0.218934E+05
   0.254678E-01   0.216605E+05
   0.259823E-01   0.214178E+05
   0.265072E-01   0.211658E+05
   0.270426E-01   0.209049E+05
   0.275889E-01   0.206357E+05
   0.281463E-01   0.203589E+05
   0.287149E-01   0.200749E+05
   0.292949E-01   0.197843E+05
   0.298867E-01   0.194877E+05
   0.304905E-01   0.191856E+05
   0.311064E-01   0.188788E+05
   0.317348E-01   0.185681E+05
   0.323759E-01   0.182544E+05
   0.330299E-01   0.179385E+05
   0.336972E-01   0.176212E+05
   0.343779E-01   0.173031E+05
   0.350724E-01   0.169852E+05
   0.357809E-01   0.166683E+05
   0.365038E-01   0.163534E+05
   0.372412E-01   0.160416E+05
   0.379935E-01   0.157336E+05
   0.387610E-01   0.154303E+05
   0.395440E-01   0.151324E+05
   0.403429E-01   0.148405E+05
   0.411579E-01   0.145550E+05
   0.419893E-01   0.142764E+05
   0.428375E-01   0.140051E+05
   0.437029E-01   0.137414E+05
   0.445858E-01   0.134860E+05
   0.454865E-01   0.132399E+05
   0.464053E-01   0.130039E+05
   0.473428E-01   0.127788E+05
   0.482992E-01   0.125651E+05
   0.492749E-01   0.123621E+05
   0.502703E-01   0.121688E+05
   0.512858E-01   0.119840E+05
   0.523219E-01   0.118068E+05
   0.533789E-01   0.116364E+05
   0.544572E-01   0.114721E+05
   0.555573E-01   0.113131E+05
   0.566796E-01   0.111587E+05
   0.578246E-01   0.110082E+05
   0.589927E-01   0.108603E+05
   0.601845E-01   0.107140E+05
   0.614003E-01   0.105684E+05
   0.626407E-01   0.104221E+05
   0.639061E-01   0.102736E+05
   0.651971E-01   0.101215E+05
   0.665142E-01   0.996425E+04
   0.678578E-01   0.980008E+04
   0.692287E-01   0.962728E+04
   0.706272E-01   0.944455E+04
   0.720539E-01   0.925125E+04
   0.735095E-01   0.904698E+04
   0.749945E-01   0.883164E+04
   0.765095E-01   0.860576E+04
   0.780551E-01   0.837003E+04
   0.796319E-01   0.812568E+04
   0.812406E-01   0.787483E+04
   0.828817E-01   0.761956E+04
   0.845561E-01   0.736216E+04
   0.862642E-01   0.710494E+04
   0.880068E-01   0.685007E+04
   0.897847E-01   0.659988E+04
   0.915985E-01   0.635649E+04
   0.934489E-01   0.612208E+04
   0.953367E-01   0.589882E+04
   0.972626E-01   0.568854E+04
   0.992274E-01   0.549289E+04
   0.101232E+00   0.531328E+04
   0.103277E+00   0.515073E+04
   0.105363E+00   0.500514E+04
   0.107492E+00   0.487617E+04
   0.109663E+00   0.476263E+04
   0.111879E+00   0.466222E+04
   0.114139E+00   0.457258E+04
   0.116445E+00   0.449048E+04
   0.118797E+00   0.441259E+04
   0.121197E+00   0.433556E+04
   0.123645E+00   0.425608E+04
   0.126143E+00   0.417127E+04
   0.128691E+00   0.407877E+04
   0.131291E+00   0.397690E+04
   0.133943E+00   0.386501E+04
   0.136649E+00   0.374315E+04
   0.139409E+00   0.361248E+04
   0.142226E+00   0.347474E+04
   0.145099E+00   0.333244E+04
   0.148030E+00   0.318851E+04
   0.151020E+00   0.304641E+04
   0.154071E+00   0.290976E+04
   0.157184E+00   0.278219E+04
   0.160359E+00   0.266659E+04
   0.163598E+00   0.256489E+04
   0.166903E+00   0.247732E+04
   0.170275E+00   0.240284E+04
   0.173715E+00   0.233914E+04
   0.177224E+00   0.228341E+04
   0.180804E+00   0.223260E+04
   0.184457E+00   0.218348E+04
   0.188183E+00   0.213276E+04
   0.191985E+00   0.207737E+04
   0.195863E+00   0.201510E+04
   0.199820E+00   0.194538E+04
   0.203856E+00   0.186930E+04
   0.207974E+00   0.178931E+04
   0.212176E+00   0.170851E+04
   0.216462E+00   0.163004E+04
   0.220835E+00   0.155675E+04
   0.225296E+00   0.149083E+04
   0.229847E+00   0.143339E+04
   0.234490E+00   0.138423E+04
   0.239227E+00   0.134194E+04
   0.244060E+00   0.130423E+04
   0.248990E+00   0.126832E+04
   0.254020E+00   0.123138E+04
   0.259152E+00   0.119134E+04
   0.264387E+00   0.114757E+04
   0.269728E+00   0.110094E+04
   0.275177E+00   0.105317E+04
   0.280736E+00   0.100620E+04
   0.286407E+00   0.962012E+03
   0.292193E+00   0.922173E+03
   0.298096E+00   0.887223E+03
   0.304118E+00   0.856370E+03
   0.310261E+00   0.828010E+03
   0.316529E+00   0.800469E+03
   0.322923E+00   0.772394E+03
   0.329447E+00   0.743014E+03
   0.336102E+00   0.712485E+03
   0.342892E+00   0.681888E+03
   0.349819E+00   0.652570E+03
   0.356885E+00   0.625419E+03
   0.364095E+00   0.600694E+03
   0.371450E+00   0.578109E+03
   0.378954E+00   0.556864E+03
   0.386609E+00   0.535979E+03
   0.394419E+00   0.514897E+03
   0.402387E+00   0.493697E+03
   0.410516E+00   0.472846E+03
   0.418809E+00   0.452901E+03
   0.427269E+00   0.434276E+03
   0.435901E+00   0.416953E+03
   0.444706E+00   0.400520E+03
   0.453690E+00   0.384595E+03
   0.462855E+00   0.368911E+03
   0.472206E+00   0.353465E+03
   0.481745E+00   0.338564E+03
   0.491477E+00   0.324397E+03
   0.501405E+00   0.311001E+03
   0.511534E+00   0.298266E+03
   0.521868E+00   0.285958E+03
   0.532411E+00   0.273995E+03
   0.543166E+00   0.262406E+03
   0.554139E+00   0.251281E+03
   0.565333E+00   0.240690E+03
   0.576753E+00   0.230563E+03
   0.588404E+00   0.220815E+03
   0.600291E+00   0.211434E+03
   0.612418E+00   0.202417E+03
   0.624789E+00   0.193760E+03
   0.637411E+00   0.185457E+03
   0.650288E+00   0.177495E+03
   0.663424E+00   0.169861E+03
   0.676826E+00   0.162541E+03
   0.690499E+00   0.155522E+03
   0.704448E+00   0.148792E+03
   0.718679E+00   0.142340E+03
   0.733197E+00   0.136154E+03
   0.748009E+00   0.130223E+03
   0.763119E+00   0.124538E+03
   0.778536E+00   0.119088E+03
   0.794263E+00   0.113865E+03
   0.810308E+00   0.108860E+03
   0.826677E+00   0.104063E+03
   0.843378E+00   0.994688E+02
   0.860415E+00   0.950677E+02
   0.877797E+00   0.908527E+02
   0.895529E+00   0.868164E+02
   0.913620E+00   0.829519E+02
   0.932076E+00   0.792524E+02
   0.950906E+00   0.757112E+02
   0.970115E+00   0.723220E+02
   0.989713E+00   0.690785E+02
   0.100971E+01   0.659749E+02
   0.103010E+01   0.630053E+02
   0.105091E+01   0.601644E+02
   0.107214E+01   0.574467E+02
   0.109380E+01   0.548471E+02
   0.111590E+01   0.523609E+02
   0.113844E+01   0.499832E+02
   0.116144E+01   0.477096E+02
   0.118490E+01   0.455357E+02
   0.120884E+01   0.434573E+02
   0.123326E+01   0.414705E+02
   0.125817E+01   0.395714E+02
   0.128359E+01   0.377564E+02
   0.130952E+01   0.360218E+02
   0.133597E+01   0.343642E+02
   0.136296E+01   0.327805E+02
   0.139049E+01   0.312674E+02
   0.141858E+01   0.298219E+02
   0.144724E+01   0.284412E+02
   0.147648E+01   0.271224E+02
   0.150630E+01   0.258629E+02
   0.153673E+01   0.246601E+02
   0.156778E+01   0.235115E+02
   0.159945E+01   0.224149E+02
   0.163176E+01   0.213680E+02
   0.166472E+01   0.203685E+02
   0.169835E+01   0.194145E+02
   0.173266E+01   0.185038E+02
   0.176766E+01   0.176347E+02
   0.180337E+01   0.168053E+02
   0.183980E+01   0.160139E+02
   0.187697E+01   0.152587E+02
   0.191489E+01   0.145382E+02
   0.195357E+01   0.138508E+02
   0.199304E+01   0.131951E+02
   0.203330E+01   0.125696E+02
   0.207437E+01   0.119730E+02
   0.211628E+01   0.114041E+02
   0.215903E+01   0.108614E+02
   0.220265E+01   0.103440E+02
   0.224714E+01   0.985065E+01
   0.229254E+01   0.938025E+01
   0.233885E+01   0.893177E+01
   0.238610E+01   0.850424E+01
   0.243430E+01   0.809670E+01
   0.248348E+01   0.770824E+01
   0.253365E+01   0.733799E+01
   0.258483E+01   0.698513E+01
   0.263705E+01   0.664887E+01
   0.269032E+01   0.632843E+01
   0.274466E+01   0.602311E+01
   0.280011E+01   0.573220E+01
   0.285668E+01   0.545504E+01
   0.291439E+01   0.519100E+01
   0.297326E+01   0.493948E+01
   0.303332E+01   0.469989E+01
   0.309460E+01   0.447168E+01
   0.315712E+01   0.425434E+01
   0.322090E+01   0.404735E+01
   0.328596E+01   0.385023E+01
   0.335234E+01   0.366252E+01
   0.342006E+01   0.348379E+01
   0.348916E+01   0.331361E+01
   0.355964E+01   0.315159E+01
   0.363155E+01   0.299734E+01
   0.370491E+01   0.285050E+01
   0.377976E+01   0.271072E+01
   0.385611E+01   0.257768E+01
   0.393401E+01   0.245104E+01
   0.401348E+01   0.233052E+01
   0.409456E+01   0.221582E+01
   0.417727E+01   0.210666E+01
   0.426166E+01   0.200279E+01
   0.434775E+01   0.190395E+01
   0.443558E+01   0.180991E+01
   0.452519E+01   0.172044E+01
   0.461660E+01   0.163531E+01
   0.470987E+01   0.155433E+01
   0.480501E+01   0.147729E+01
   0.490208E+01   0.140401E+01
   0.500111E+01   0.133430E+01
   0.510214E+01   0.126800E+01
   0.520521E+01   0.120495E+01
   0.531036E+01   0.114498E+01
   0.541763E+01   0.108795E+01
   0.552708E+01   0.103371E+01
   0.563873E+01   0.982144E+00
   0.575264E+01   0.933107E+00
   0.586885E+01   0.886483E+00
   0.598741E+01   0.842154E+00
   0.610836E+01   0.800010E+00
   0.623176E+01   0.759944E+00
   0.635765E+01   0.721856E+00
   0.648609E+01   0.685650E+00
   0.661711E+01   0.651234E+00
   0.675079E+01   0.618522E+00
   0.688716E+01   0.587431E+00
   0.702629E+01   0.557881E+00
   0.716823E+01   0.529798E+00
   0.731304E+01   0.503109E+00
   0.746077E+01   0.477747E+00
   0.761149E+01   0.453646E+00
   0.776525E+01   0.430746E+00
   0.792212E+01   0.408986E+00
   0.808217E+01   0.388312E+00
   0.824543E+01   0.368669E+00
   0.841200E+01   0.350008E+00
   0.858193E+01   0.332279E+00
   0.875530E+01   0.315437E+00
   0.893217E+01   0.299439E+00
   0.911261E+01   0.284242E+00
   0.929670E+01   0.269807E+00
   0.948451E+01   0.256096E+00
   0.967610E+01   0.243073E+00
   0.987158E+01   0.230705E+00
   0.100710E+02   0.218959E+00
   0.102744E+02   0.207805E+00
   0.104820E+02   0.197212E+00
   0.106938E+02   0.187152E+00
   0.109098E+02   0.177600E+00
   0.111302E+02   0.168530E+00
   0.113550E+02   0.159919E+00
   0.115844E+02   0.151742E+00
   0.118184E+02   0.143979E+00
   0.120572E+02   0.136609E+00
   0.123007E+02   0.129612E+00
   0.125492E+02   0.122969E+00
   0.128027E+02   0.116663E+00
   0.130614E+02   0.110678E+00
   0.133252E+02   0.104996E+00
   0.135944E+02   0.996028E-01
   0.138691E+02   0.944839E-01
   0.141492E+02   0.896253E-01
   0.144351E+02   0.850141E-01
   0.147267E+02   0.806378E-01
   0.150242E+02   0.764845E-01
   0.153277E+02   0.725430E-01
   0.156373E+02   0.688026E-01
   0.159532E+02   0.652533E-01
   0.162755E+02   0.618852E-01
   0.166043E+02   0.586894E-01
   0.169397E+02   0.556570E-01
   0.172819E+02   0.527799E-01
   0.176310E+02   0.500500E-01
   0.179872E+02   0.474601E-01
   0.183505E+02   0.450029E-01
   0.187212E+02   0.426718E-01
   0.190994E+02   0.404604E-01
   0.194853E+02   0.383625E-01
   0.198789E+02   0.363724E-01
   0.202805E+02   0.344846E-01
   0.206902E+02   0.326940E-01
   0.211081E+02   0.309955E-01
   0.215346E+02   0.293845E-01
   0.219696E+02   0.278565E-01
   0.224134E+02   0.264073E-01
   0.228662E+02   0.250328E-01
   0.233281E+02   0.237293E-01
   0.237994E+02   0.224930E-01
   0.242802E+02   0.213207E-01
   0.247707E+02   0.202089E-01
   0.252710E+02   0.191546E-01
   0.257816E+02   0.181549E-01
   0.263024E+02   0.172069E-01
   0.268337E+02   0.163081E-01
   0.273758E+02   0.154558E-01
   0.279288E+02   0.146477E-01
   0.284930E+02   0.138815E-01
   0.290686E+02   0.131551E-01
   0.296558E+02   0.124663E-01
   0.302549E+02   0.118134E-01
   0.308661E+02   0.111944E-01
   0.314897E+02   0.106076E-01
   0.321258E+02   0.100513E-01
   0.327748E+02   0.952394E-02
   0.334369E+02   0.902406E-02
   0.341123E+02   0.855021E-02
   0.348014E+02   0.810106E-02
   0.355045E+02   0.767533E-02
   0.362217E+02   0.727180E-02
   0.369535E+02   0.688934E-02
   0.377000E+02   0.652684E-02
   0.384616E+02   0.618327E-02
   0.392386E+02   0.585766E-02
   0.400312E+02   0.554907E-02
   0.408399E+02   0.525662E-02
   0.416649E+02   0.497947E-02
   0.425066E+02   0.471683E-02
   0.433653E+02   0.446794E-02
   0.442413E+02   0.423210E-02
   0.451350E+02   0.400861E-02
   0.460469E+02   0.379684E-02
   0.469770E+02   0.359618E-02
   0.479261E+02   0.340606E-02
   0.488942E+02   0.322591E-02
   0.498820E+02   0.305522E-02
   0.508896E+02   0.289350E-02
   0.519177E+02   0.274029E-02
   0.529665E+02   0.259513E-02
   0.540365E+02   0.245760E-02
   0.551281E+02   0.232732E-02
   0.562417E+02   0.220389E-02
   0.573779E+02   0.208697E-02
   0.585370E+02   0.197620E-02
   0.597195E+02   0.187127E-02
   0.609260E+02   0.177188E-02
   0.621568E+02   0.167773E-02
   0.634124E+02   0.158855E-02
   0.646934E+02   0.150408E-02
   0.660003E+02   0.142407E-02
   0.673336E+02   0.134828E-02
   0.686938E+02   0.127650E-02
   0.700816E+02   0.120852E-02
   0.714973E+02   0.114413E-02
   0.729416E+02   0.108315E-02
   0.744151E+02   0.102539E-02
   0.759184E+02   0.970696E-03
   0.774521E+02   0.918896E-03
   0.790167E+02   0.869841E-03
   0.806129E+02   0.823386E-03
   0.822415E+02   0.779396E-03
   0.839028E+02   0.737739E-03
   0.855978E+02   0.698294E-03
   0.873269E+02   0.660943E-03
   0.890911E+02   0.625577E-03
   0.908908E+02   0.592091E-03
   0.927270E+02   0.560385E-03
   0.946001E+02   0.530366E-03
   0.965112E+02   0.501944E-03
   0.984608E+02   0.475034E-03
   0.100450E+03   0.449556E-03
   0.102479E+03   0.425433E-03
   0.104549E+03   0.402594E-03
   0.106661E+03   0.380970E-03
   0.108816E+03   0.360497E-03
   0.111014E+03   0.341114E-03
   0.113257E+03   0.322763E-03
   0.115545E+03   0.305390E-03
   0.117879E+03   0.288943E-03
   0.120260E+03   0.273375E-03
   0.122690E+03   0.258640E-03
   0.125168E+03   0.244695E-03
   0.127697E+03   0.231497E-03
   0.130277E+03   0.219008E-03
   0.132908E+03   0.207192E-03
   0.135593E+03   0.196011E-03
